95
20 0.591
40 0.553
85 0.725
82 0.520
37 0.795
31 0.837
17 0.511
16 0.599
65 0.582
3984 0.930
44 0.543
29 0.711
42 0.533
81 0.825
2 1.0
13 0.720
101 0.926
8000 0.500
26 0.509
2 0.6
41 0.968
3 1.0
37 0.853
27 0.517
23 0.974
92 0.806
41 0.797
2 0.574
43 0.710
100 0.685
94 0.726
98 0.779
44 0.828
21 0.637
4664 0.797
9 0.592
20 0.75
2 0.500
47 0.580
65 0.686
33 0.720
8000 0.684
9 0.938
9 0.87
57 0.884
11 0.872
3127 0.873
43 0.824
4242 0.705
81 0.743
5 0.615
200 0.999
5 0.678
16 0.975
100 0.586
10 0.572
62 0.646
2 0.684
4 1.0
28 0.786
26 0.638
27 0.504
53 0.728
17 0.882
3 0.5
66 0.532
68 0.586
38 0.515
91 0.907
2000 0.5
67 0.754
7 0.505
49 0.904
2 1.000
4 0.949
46 0.816
11 0.501
24 0.887
64 0.828
87 0.670
59 0.759
75 0.551
36 0.762
37 0.684
64 0.833
91 0.736
9 0.593
65 0.974
67 0.886
8000 1.000
68 0.579
63 0.577
82 0.915
2788 0.719
24 0.975
